METEOSAT-5 (MOP-2)      
1 21140U 91015B   10360.23806756 -.00000022  00000-0  10000-3 0  4793
2 21140  12.0837  43.1256 0004687 148.1634 211.8597  0.98450841 74568
METEOSAT-6 (MOP-3)      
1 22912U 93073B   10357.97049985 -.00000017  00000-0  10000-3 0  9235
2 22912   9.6176  53.2706 0005361 292.9658 163.0564  1.00273225 61033
HIMAWARI-5 (GMS-5)      
1 23522U 95011B   10357.76436727  .00000111  00000-0  10000-3 0  5126
2 23522   8.8094  56.3205 0007378 339.2967  20.6200  0.99402992 57455
GOES 10                 
1 24786U 97019A   10358.75021440  .00000090  00000-0  10000-3 0  7220
2 24786   4.8732  66.5376 0005025  52.0373 307.8385  0.99068701 50030
ORBVIEW 2 (SEASTAR)     
1 24883U 97037A   10360.13608145  .00000089  00000-0  48558-4 0  3130
2 24883  98.3554 126.1570 0001195 275.6111  84.4919 14.32208988713238
METEOSAT-7              
1 24932U 97049B   10360.74977403  .00000068  00000-0  00000+0 0  3773
2 24932   6.5200  62.7934 0000480 127.0116 232.6170  1.00272282 48777
NOAA 15                 
1 25338U 98030A   10360.49311548  .00000098  00000-0  60717-4 0  6467
2 25338  98.6384 344.1644 0009881 233.0390 126.9881 14.24874553656132
GOES 11                 
1 26352U 00022A   10354.40093736  .00000108  00000-0  10000-3 0  1420
2 26352   0.0432 255.1323 0003287 338.8274 224.2828  1.00261835 38932
FENGYUN 2B              
1 26382U 00032A   10359.55770417 -.00000343  00000-0  10000-3 0  3416
2 26382   5.6719  65.5752 0003765 202.7147 157.1433  1.00096526 38436
NOAA 16                 
1 26536U 00055A   10360.53436040  .00000110  00000-0  84747-4 0  1254
2 26536  99.1580  22.4250 0010882 154.3596 205.8110 14.12592039528988
GOES 12                 
1 26871U 01031A   10359.29597130 -.00000277  00000-0  10000-3 0  9017
2 26871   1.0122  79.4950 0002604 243.8488 177.2831  1.00271725 34589
FENGYUN 1D              
1 27431U 02024B   10361.04244969  .00000100  00000-0  81778-4 0  6458
2 27431  98.6898 334.2812 0014619 274.3514  85.5982 14.09305304443385
NOAA 17                 
1 27453U 02032A   10360.49562955  .00000203  00000-0  10615-3 0  1176
2 27453  98.4048  42.9311 0010771 296.8116  63.1967 14.24222654442076
METEOSAT-8 (MSG-1)      
1 27509U 02040B   10360.22441922  .00000070  00000-0  10000-3 0  6252
2 27509   0.3783   1.0689 0001476 330.3904 213.3940  1.00275703 30583
KALPANA-1 (METSAT 1)    
1 27525U 02043A   10356.61124712  .00000000  00000-0  10000-3 0  1894
2 27525   0.0284  45.8595 0001581  21.3562 317.9049  1.00269553 30341
INSAT-3A                
1 27714U 03013A   10355.58307913 -.00000242  00000-0  10000-3 0  4154
2 27714   0.0303  70.9731 0006761 200.8010 121.6868  1.00271030 28249
FENGYUN 2C              
1 28451U 04042A   10360.74977727 -.00000354  00000-0  10000-3 0   381
2 28451   2.7472  71.7419 0002835 297.3860 119.2320  1.00258551 22645
HIMAWARI 6 (MTSAT-1R)   
1 28622U 05006A   10356.53869737  .00000000  00000-0  10000-3 0  4443
2 28622   0.0562  89.5171 0002547 344.1485 351.2610  1.00265465 21294
NOAA 18                 
1 28654U 05018A   10360.48683500  .00000309  00000-0  19555-3 0  6046
2 28654  98.9760 306.4169 0013722 229.7921 130.2045 14.11421546288565
METEOSAT-9 (MSG-2)      
1 28912U 05049B   10360.25266414 -.00000001  00000-0  10000-3 0  7994
2 28912   0.2675 334.0837 0001661 294.1321 276.9849  1.00271128 18431
MTSAT-2                 
1 28937U 06004A   10359.65994976 -.00000236  00000-0  10000-3 0  8795
2 28937   0.0320  37.4035 0002885 229.7440 209.5157  1.00271832 17819
FORMOSAT 3A             
1 29047U 06011A   10360.12149565 -.00000112  00000-0 -28336-4 0  3944
2 29047  71.9825 327.6380 0054131 265.7051  93.7875 14.27167668247184
FORMOSAT 3B             
1 29048U 06011B   10361.05308590  .00000390  00000-0  17471-3 0  4677
2 29048  71.9702 240.5313 0046515 216.9583 142.8342 14.27194045249796
FORMOSAT 3C             
1 29049U 06011C   10361.06613859  .00000362  00000-0  16364-3 0  4158
2 29049  72.0217  32.7048 0037803 273.0257  86.6532 14.27213649245578
FORMOSAT 3D             
1 29050U 06011D   10360.96838096  .00001103  00000-0  26646-3 0  7218
2 29050  72.0145 160.0904 0052724 118.9571 241.6792 14.54233105252322
FORMOSAT 3E             
1 29051U 06011E   10361.09957915  .00000373  00000-0  16522-3 0  4718
2 29051  72.0091 300.6851 0068998 144.9092 215.6595 14.27201181248161
FORMOSAT 3F             
1 29052U 06011F   10360.72315663  .00000361  00000-0  16273-3 0  4941
2 29052  72.0366   5.2951 0043538 243.8828 115.7811 14.27229264246414
GOES 13                 
1 29155U 06018A   10356.09141310 -.00000234  00000-0  10000-3 0  4091
2 29155   0.3191  78.6485 0002419 349.7267 339.9603  1.00262514 16809
METOP-A                 
1 29499U 06044A   10360.79575274 -.00000122  00000-0 -35941-4 0  3035
2 29499  98.7148  57.3330 0001581 132.9700 227.1601 14.21485656217236
FENGYUN 2D              
1 29640U 06053A   10360.77496569 -.00000193  00000-0  10000-3 0   717
2 29640   1.1141  84.4497 0001628 279.2719  97.0346  1.00267264 14890
FENGYUN 3A              
1 32958U 08026A   10361.12895557  .00000168  00000-0  10000-3 0  3731
2 32958  98.7092  70.3634 0000827  41.4986 318.6241 14.19634923133943
NOAA 19                 
1 33591U 09005A   10360.44604710  .00000159  00000-0  11226-3 0  7966
2 33591  98.8114 298.6660 0014914 104.0714 256.2103 14.11115893 97028
GOES 14                 
1 35491U 09033A   10361.26506743 -.00000088  00000-0  10000-3 0  7822
2 35491   0.2579 260.0511 0002963 114.3478  72.2754  1.00271399  5521
METEOR-M 1              
1 35865U 09049A   10361.16357285  .00000176  00000-0  10000-3 0  9591
2 35865  98.7333  53.3162 0002738 151.8699 208.2595 14.21833768 66142
GOES 15                 
1 36411U 10008A   10359.48202844 -.00000176  00000-0  10000-3 0  4033
2 36411   0.1395 249.9054 0003744 329.6075 318.4830  1.00269359  3003
COMS 1                  
1 36744U 10032A   10359.73225774 -.00000338  00000-0  10000-3 0   737
2 36744   0.0065   0.0172 0001146 272.9161 213.0492  1.00269284  1977
FENGYUN 3B              
1 37214U 10059A   10361.16799850  .00000002  00000-0  21566-4 0  1558
2 37214  98.7042 300.4298 0001660 118.9640 241.1732 14.19654353  7443
