14.155
9.227
6.243
4.582
2.965
1.755
1.298
0.835
0.45
0.27
0.148
7.01
5.4
4.05
2.9
1.59
1.25
0.91
0.57
0.29
0.21
0.19
5.305
3.965
2.905
2.09
1.255
0.965
0.705
0.45
0.26
0.195
0.175
3.6
2.53
1.76
1.28
0.92
0.68
0.5
0.33
0.23
0.18
0.16
3.515
2.435
1.715
1.11
0.76
0.525
0.385
0.275
0.215
0.17
0.155
3.43
2.34
1.67
0.94
0.6
0.37
0.27
0.22
0.2
0.16
0.15
2.635
1.8
1.23
0.74
0.465
0.315
0.25
0.21
0.19
0.175
0.175
1.84
1.26
0.79
0.54
0.33
0.26
0.23
0.2
0.18
0.19
0.2
0
0
0
0
0
3E-005
5E-005
0.00011
0.00024
0.0005
0.0011
0
0
0
0
0
0
0
0
0
0
0
