14.155
9.227
6.243
4.582
2.965
1.755
1.298
0.835
0.45
0.27
0.148
15.6
9.61
6.2
4.75
3.46
1.88
1.37
0.9
0.52
0.29
0.09
11.605
7.6
5.11
4.045
2.915
1.785
1.26
0.82
0.46
0.265
0.09
7.61
5.59
4.02
3.34
2.37
1.69
1.15
0.74
0.4
0.24
0.09
7.95
5.93
4.21
3.09
2.12
1.455
0.94
0.585
0.34
0.22
0.08
8.29
6.27
4.4
2.84
1.87
1.22
0.73
0.43
0.28
0.2
0.07
6.825
4.995
3.555
2.43
1.625
1.035
0.65
0.39
0.23
0.175
0.055
5.36
3.72
2.71
2.02
1.38
0.85
0.57
0.35
0.18
0.15
0.04
0.000523
0.000875
0.001461
0.002441
0.004077
0.00681
0.0116
0.01977
0.03367
0.0573
0.0976
0
0
0
0
0
0
0
0
0
0
0
