16.64
12.835
9.02
5.735
3.578
2.862
2.185
1.34
0.863
0.525
0.147
13.27
10.34
6.86
4
2.43
2.09
1.73
1.01
0.67
0.33
0
9.64
8.005
5.19
2.95
1.845
1.46
1.16
0.69
0.48
0.265
0.05
6.01
5.67
3.52
1.9
1.26
0.83
0.59
0.37
0.29
0.2
0.11
4.265
3.83
2.33
1.305
0.85
0.58
0.44
0.29
0.225
0.18
0.135
2.52
1.99
1.14
0.71
0.44
0.33
0.29
0.21
0.16
0.16
0.16
1.55
1.35
0.9
0.56
0.35
0.25
0.23
0.185
0.165
0.165
0.165
0.58
0.71
0.66
0.41
0.26
0.17
0.17
0.16
0.17
0.17
0.16
0
0
0
0
0
3E-005
5E-005
0.00011
0.00024
0.0005
0.0011
0
0
0
0
0
0
0
0
0
0
0
