16.64
12.835
9.02
5.735
3.578
2.862
2.185
1.34
0.863
0.525
0.147
15.6
11.8
8.51
5.61
3.64
2.58
1.78
1.16
0.75
0.53
0.26
14.82
10.605
7.51
4.8
3.14
2.155
1.49
0.97
0.635
0.405
0.175
14.04
9.41
6.51
3.99
2.64
1.73
1.2
0.78
0.52
0.28
0.09
11.115
7.595
5.405
3.66
2.455
1.685
1.235
0.78
0.475
0.25
0.09
8.19
5.78
4.3
3.33
2.27
1.64
1.27
0.78
0.43
0.22
0.09
6.63
4.95
3.8
2.935
2.02
1.43
1.01
0.605
0.355
0.19
0.09
5.07
4.12
3.3
2.54
1.77
1.22
0.75
0.43
0.28
0.16
0.09
0.000523
0.000875
0.001461
0.002441
0.004077
0.00681
0.0116
0.01977
0.03367
0.0573
0.0976
0
0
0
0
0
0
0
0
0
0
0
