17.128
13.102
8.908
5.59
3.87
2.813
1.998
1.485
0.938
0.528
0.347
17.16
12.47
8.75
6.26
4.37
3
1.95
1.39
0.95
0.64
0.58
16.09
11.77
8.225
5.91
4.155
2.83
1.805
1.24
0.84
0.59
0.545
15.02
11.07
7.7
5.56
3.94
2.66
1.66
1.09
0.73
0.54
0.51
11.02
8.28
6
4.35
3.155
2.125
1.275
0.85
0.55
0.345
0.325
7.02
5.49
4.3
3.14
2.37
1.59
0.89
0.61
0.37
0.15
0.14
5.58
4.41
3.35
2.455
1.8
1.2
0.71
0.46
0.265
0.13
0.12
4.14
3.33
2.4
1.77
1.23
0.81
0.53
0.31
0.16
0.11
0.1
0.000523
0.000875
0.001461
0.002441
0.004077
0.00681
0.0116
0.01977
0.03367
0.0573
0.0976
0
0
0
0
0
0
0
0
0
0
0
