17.128
13.102
8.908
5.59
3.87
2.813
1.998
1.485
0.938
0.528
0.347
12.27
10.34
6.78
3.84
2.69
2.08
1.57
1.15
0.66
0.31
0.08
8.515
7.645
5.02
3.11
2.225
1.705
1.24
0.87
0.505
0.255
0.08
4.76
4.95
3.26
2.38
1.76
1.33
0.91
0.59
0.35
0.2
0.08
2.63
2.905
2.05
1.53
1.09
0.825
0.54
0.35
0.255
0.18
0.08
0.5
0.86
0.84
0.68
0.42
0.32
0.17
0.11
0.16
0.16
0.08
0.375
0.565
0.57
0.505
0.325
0.22
0.12
0.085
0.125
0.155
0.14
0.25
0.27
0.3
0.33
0.23
0.12
0.07
0.06
0.09
0.15
0.2
0
0
0
0
0
3E-005
5E-005
0.00011
0.00024
0.0005
0.0011
0
0
0
0
0
0
0
0
0
0
0
