18.74
13.487
9.615
6.102
3.795
3.013
2.378
1.912
1.358
0.912
0.922
11.95
9.45
6.61
3.84
2.77
2.32
1.9
1.56
0.98
0.57
0.52
7.705
6.17
4.465
2.795
2.015
1.56
1.18
0.93
0.6
0.365
0.335
3.46
2.89
2.32
1.75
1.26
0.8
0.46
0.3
0.22
0.16
0.15
3.65
2.86
2.07
1.28
0.975
0.68
0.445
0.275
0.19
0.16
0.155
3.84
2.83
1.82
0.81
0.69
0.56
0.43
0.25
0.16
0.16
0.16
2.13
1.675
1.175
0.56
0.445
0.335
0.25
0.165
0.15
0.155
0.155
0.42
0.52
0.53
0.31
0.2
0.11
0.07
0.08
0.14
0.15
0.15
0
0
0
0
0
3E-005
5E-005
0.00011
0.00024
0.0005
0.0011
0
0
0
0
0
0
0
0
0
0
0
