18.74
13.487
9.615
6.102
3.795
3.013
2.378
1.912
1.358
0.912
0.922
18.14
13.03
10.1
7.58
4.93
3.66
2.67
1.96
1.48
1.06
0.96
14.995
11.815
9.725
7.84
5.795
4.375
3.205
2.285
1.605
1.07
0.78
11.85
10.6
9.35
8.1
6.66
5.09
3.74
2.61
1.73
1.08
0.6
9.16
8.155
7.15
6.145
4.95
3.645
2.645
1.885
1.27
0.73
0.385
6.47
5.71
4.95
4.19
3.24
2.2
1.55
1.16
0.81
0.38
0.17
6.905
5.135
4.2
3.39
2.57
1.805
1.25
0.875
0.565
0.265
0.16
7.34
4.56
3.45
2.59
1.9
1.41
0.95
0.59
0.32
0.15
0.15
0.000523
0.000875
0.001461
0.002441
0.004077
0.00681
0.0116
0.01977
0.03367
0.0573
0.0976
0
0
0
0
0
0
0
0
0
0
0
